9958
86366
84998
52216
10244
86779
37514
35588
28217
1021
42023
70275
6703
89856
22714
54851
34781
77016
59199
74184
22345
21449
88663
55482
31407
88030
1444
7957
69035
72313
51367
56769
30797
88701
24876
77770
39013
59167
46121
3408
26140
87567
41695
82502
71775
14897
48741
23047
60102
35994
1440
86664
1155
7187
61771
84769
55615
12873
17006
2749
36625
56022
46145
12742
11482
33222
56535
17232
55143
14770
63236
39091
86788
19130
10842
69896
23985
9622
80097
47642
8451
25991
67582
54587
50009
61194
83378
81824
38909
455
62722
47881
82346
73111
30472
88457
60705
44004
27549
37230
31070
66122
20615
40187
65430
11118
69780
73456
84337
67247
66209
32164
39360
85872
23510
75889
49910
53311
80067
42326
62899
41822
44015
54750
23653
70281
39005
3397
70299
82837
55044
23670
87301
45295
10103
88592
84701
58133
35255
74250
13456
81531
587
43313
71806
36294
5451
64461
26727
36370
11006
48180
21135
16842
39342
39267
21691
43636
46328
79368
63816
74832
56974
42577
83256
39936
60438
14564
7865
3678
677
51186
28290
79818
48287
69806
80016
4758
5282
39917
28533
26536
20966
68417
34167
49147
38348
10524
1703
82006
83251
8801
66100
19792
45289
41125
1250
69728
15500
21328
59728
62541
83332
75070
61722
49914
38932
12523
74962
74810
3614
64020
23174
76031
12636
54233
31733
10654
78773
82376
79950
4250
77419
37777
53334
76213
46573
88784
5096
76013
28900
75872
85978
4645
68213
34200
38537
64711
47713
52039
78901
9241
58560
83332
31863
77246
75959
3416
30396
10924
40010
22340
58712
87364
23771
30881
1914
26012
5582
77520
87178
41578
3267
24539
34102
48873
15101
43732
18427
79030
47053
45393
83219
65643
86300
17510
12800
48347
31725
55179
3858
52907
79660
75735
85669
85291
14339
12595
6705
14813
50658
72595
68049
18975
75656
55260
5343
69857
80598
81958
