881561
725471
424134
746719
487741
186599
731289
893497
483425
825590
82245
640047
480655
780464
650631
564214
885345
868479
374793
691606
387622
179845
832933
233024
349948
840788
775113
426050
883035
457250
788560
499615
682648
577047
461091
306992
261474
436290
780778
59942
871777
254616
532820
535364
854608
292373
94326
539700
168349
543474
775090
111811
132533
866600
558031
836940
475944
704253
574768
482317
690825
640041
739149
759182
873489
864726
783788
348844
595114
247634
479108
116006
117090
610684
529140
527012
857774
367060
499316
397427
312076
162416
225430
794223
72286
60977
658138
761571
699919
111556
56065
716525
462164
480779
560370
311832
410615
597012
247836
711929
288994
791675
786658
236905
181953
676128
468809
68250
531544
81811
391918
188172
423132
840233
64349
328537
740710
352865
154646
370084
855097
147820
682446
644501
112400
606780
591695
27685
505969
596786
536838
338689
7892
234195
750555
65002
368881
648100
438625
24222
338253
486563
441533
77318
596770
487571
667867
263407
248707
899253
352827
209423
117668
855907
481729
593701
107326
248429
874619
39515
173694
73785
853151
289508
293175
312733
453340
52706
860341
628801
712321
428088
377608
601799
56094
189671
274661
289650
235905
446822
66151
408429
879861
799516
196430
150512
316745
673452
727495
258534
424862
540920
893374
60307
318646
308797
464164
563168
473371
356287
606357
669681
316093
242009
508559
546968
643819
158271
301517
738145
885977
94475
835255
250951
197263
316138
517545
40304
668511
843067
588774
775225
711454
353450
309853
372561
8515
47049
669640
275035
852811
408016
91890
316094
117634
352961
547034
724885
286239
73788
821481
699446
874992
527154
75024
694041
519388
605305
401186
377479
351985
718134
300707
51563
235053
849914
498085
407280
234667
681343
550140
191003
40238
881833
28204
490931
787475
242735
150814
329963
89119
384386
114799
872691
405260
238398
308426
786125
758303
83576
368027
536076
446099
705694
444120
87121
454232
103431
836355
404398
30597
765949
457780
171312
505469
107216
455694
740091
669938
119833
380811
349073
165242
356040
138253
670918
558096
349897
495671
823895
575739
35342
825605
481017
139463
659450
44575
342403
877364
785579
35789
36806
35270
141112
540296
147845
243058
141074
833173
738138
405863
574219
798781
660193
460386
390743
398838
565925
187851
726469
693977
476197
129404
708351
538155
122046
396958
581354
135726
401042
785086
708420
341772
630738
450287
72718
718558
384698
195375
733326
875273
849419
778254
240728
29480
821863
636296
238743
139380
26640
422719
592143
874190
719845
834843
65205
885500
461533
265519
127354
758416
188570
147225
785647
355302
612897
772083
57706
346920
266125
464074
114296
667471
533608
64959
136864
42475
567822
699301
310818
42300
735036
94327
738216
179718
666683
626717
666125
10055
355033
280302
803404
421494
414536
456449
465076
458187
343176
737142
619577
409182
468582
238511
807003
275470
404841
111851
26616
492836
778566
43497
257242
895171
792652
270228
95110
626527
410221
39497
66697
497979
719502
677911
83137
172192
789752
127676
20845
315915
14296
351623
863949
714176
305199
801631
261674
180144
447324
568135
688347
849781
457508
335594
34792
304884
229459
394512
402162
89494
769567
830274
761672
672553
481578
157223
30250
164734
46180
123427
893880
392793
795681
416074
193986
592614
601541
577315
722080
257826
391894
861003
676674
609137
26236
729896
532016
251157
375419
409398
146157
600212
778203
164303
19655
424327
48076
740168
146300
233441
571853
200631
367997
822756
150018
79169
652570
807317
614261
851722
153215
344141
362076
886008
694314
686954
291021
36609
19209
665564
83336
620055
404941
871090
733538
710574
125694
446046
616176
766473
811214
146924
45933
354312
293185
553583
664489
687296
382333
321645
48166
702269
445458
673988
29736
721549
495865
128420
876672
321886
27412
479982
714401
444667
437710
52139
786110
15244
457515
324283
642830
536892
49081
89189
324790
559832
335836
816572
739911
439214
155280
2929
47791
48158
329017
566753
321107
112201
636411
441331
423635
73577
228378
617619
106529
740677
125392
366919
683131
822713
425166
160136
689483
572515
257136
219573
133179
20277
594489
144128
792840
436063
4697
489114
577473
478558
593049
138765
183759
671898
121901
691641
338833
841337
506029
526584
182438
355377
573622
279211
269188
36033
169356
37279
499049
809544
288808
430611
12796
118766
665248
82816
68056
501256
852019
383747
117855
458026
467801
94307
761778
644728
445950
409649
857323
709011
99823
7391
869098
197273
474566
624168
125181
209284
778179
196614
474012
244866
416158
541958
133475
638165
624606
852427
258229
808498
431883
180652
504080
670149
207785
466631
32657
90582
310600
74014
298746
119653
100529
204665
884556
721553
337287
37423
570702
732174
509379
619094
91197
118202
313682
799915
350696
39207
857141
639292
91092
865424
373479
88474
513182
664134
498677
222226
446917
439492
210116
553878
852750
533464
637611
777242
494991
751587
95946
206534
528438
787998
517989
228601
374039
613910
662431
331748
196839
245766
294316
29780
469214
771423
583006
496955
76088
693654
332444
546815
545519
275434
267100
463095
69227
637271
730402
696064
296247
535419
680326
96264
487993
239416
867350
724236
782777
571610
163853
839494
131006
657684
275017
327458
433351
783039
512639
367563
408363
817042
372617
433908
20594
780732
112590
888383
554249
72052
882816
655173
864814
573304
310697
502362
560108
624411
610426
509378
837923
86856
73306
666993
619715
605905
188303
88876
60005
882636
484260
636768
879751
264712
551090
595570
253094
21805
4217
849034
139223
22257
272282
161084
731788
801132
704182
699678
161524
814952
672731
646550
655934
273249
660562
8735
530830
96113
454537
519480
400021
642880
4172
13758
603524
65793
649082
107900
863012
603825
598393
237427
881301
562835
781976
411650
306205
27291
453727
519805
151218
789626
814353
814186
724316
678603
157250
815564
750876
383101
676628
447599
523053
380795
767924
758406
2082
68712
214081
211801
286322
345505
165999
436845
68140
895026
440000
279794
44357
536652
691912
103617
598621
331634
2065
74712
631323
612724
316226
550127
462961
24303
677514
787930
403458
307030
4034
89244
135622
103255
297648
424887
818786
381928
475463
310502
784365
351151
872386
615125
613270
132132
53661
282607
499932
561900
491708
157575
772268
823197
557175
6309
676113
119064
338265
238335
216612
800774
693557
455623
17913
798673
297280
843566
355092
259113
30783
116504
806836
426995
765385
335937
105733
152320
537975
273757
650372
139176
270749
51306
116055
581285
96673
351377
124277
619909
705300
524237
226971
857478
600783
247083
498395
709012
645199
111559
320196
115751
137794
130168
751762
271285
166280
449855
42490
747347
308003
306517
628926
746646
720671
447375
243652
132575
3171
623792
56006
400069
127183
104503
826318
477996
531436
29757
6674
107939
398524
